.Random.seed <-
c(403L, 10L, 1891337258L, 1889097548L, -2105922289L, 247681093L, 
-1595393540L, -1563535278L, 1811194317L, -421739641L, -259611026L, 
-305240504L, 1339261003L, 840255913L, -787061512L, -1090629594L, 
-940629695L, -1641439533L, -662583678L, -1790751564L, 1222702135L, 
1187100461L, 402601028L, -854869654L, -1076521515L, 310735727L, 
-1514116490L, 728436128L, -2079720861L, -1622594815L, 37339760L, 
-2088452594L, -2047945095L, 189014539L, 1255365434L, -1452998084L, 
1518190975L, 2028718805L, -1072641300L, -17286078L, -2091347043L, 
940485143L, 154398590L, 1233468728L, -816776677L, -285940871L, 
-1979984440L, 133564918L, -1497285583L, 975322723L, -1417625038L, 
-581841020L, 759815623L, 354038941L, -428690412L, -2141138246L, 
426685189L, -958281505L, -1856982682L, -127077136L, 988708883L, 
1915954609L, -327212960L, -654807554L, 531528073L, 2127711931L, 
363235978L, 148993388L, 1756910319L, 513527077L, 1751407580L, 
1622522290L, 1221671085L, -1951930265L, 1606631310L, -1818302360L, 
1049932907L, -1134797303L, 1442455704L, 1342426054L, -144212191L, 
952126387L, -1622711518L, 1045312788L, -928221801L, -494383731L, 
159567012L, -1169199478L, -1970723595L, -944153777L, 1509024854L, 
-1406572800L, -1263771069L, -1712244255L, 1173151056L, 1353192366L, 
-1842081447L, -1562226837L, -2004893990L, -235352164L, 145486751L, 
-651912715L, 127835276L, -1402591902L, -1088046787L, -2096475721L, 
-1274915234L, 63635352L, 24203003L, -120904039L, -1516024024L, 
-258021930L, -2125960623L, -828587773L, 678255762L, 1632834084L, 
-979751705L, -1972780739L, 484652468L, 371485210L, -416345755L, 
557285375L, 1834079878L, 601697808L, 1461187763L, -71659695L, 
2014028544L, -806274594L, 347103785L, -1668541989L, 2130345706L, 
1420610700L, 1738945487L, -1106916475L, 514172988L, 71936274L, 
420511245L, -391221945L, -1278056658L, 607754888L, 134548363L, 
-746468503L, 1982825784L, -2045311002L, -1874632831L, -687884525L, 
360767682L, -587269260L, -355694729L, 1007083629L, 1294221060L, 
-88080854L, 374977429L, 140777519L, 1462579510L, -578629280L, 
194244515L, -616097599L, -355350352L, -835758130L, 618220345L, 
447136587L, -256722694L, -1433378308L, 1551925823L, -541604075L, 
1826157612L, -763835134L, 348087773L, 835130583L, -1727897666L, 
1219934712L, -1791525413L, -196602823L, -1944316536L, 541163830L, 
1681390449L, 476477859L, 1102038258L, 355006532L, 773872391L, 
1840069341L, -42720300L, 1716314874L, 925972037L, -392130913L, 
-1058229210L, -1639194448L, 607492435L, 2071364721L, -1344521824L, 
-700713666L, -1356360631L, 1764663547L, 440781002L, 765038124L, 
-244272593L, -724718875L, 894349212L, -1641428494L, -1284332435L, 
138757543L, 1613639630L, -1526780632L, 1855868715L, -1861995191L, 
-334169512L, -2053950714L, 1595760353L, -1797948813L, -1822784798L, 
-695968172L, -215554217L, -1470211251L, -1945932060L, -1048990006L, 
-1145868491L, 679691663L, -591158634L, 1464646208L, -1178825981L, 
-1633658079L, 1685363728L, -1363178514L, -2006180967L, -1269971925L, 
-523312870L, 47600604L, 1405408735L, -757191168L, 1261164884L, 
909745384L, 1536887034L, 1428114128L, -1418158292L, -1543424780L, 
-816427630L, 850510176L, -903311348L, -1302095648L, 1123288674L, 
1834737832L, -295980980L, 1061390204L, -1034171086L, 1748627056L, 
-418191548L, -856056872L, 1209272186L, -1516362704L, -1939707972L, 
104032852L, 1522444354L, 32773792L, 1199461052L, 520937424L, 
-173375134L, -1989670168L, -1232286516L, 79682044L, 1186230770L, 
-495712128L, -1297105420L, -812266872L, 208971578L, 1933005136L, 
-425365396L, 1368552852L, 1741702226L, -707259936L, 1506099404L, 
1369836192L, -1095251582L, 1224756456L, 1294734060L, 552307004L, 
1417602162L, 1140199024L, -1771403740L, -23693256L, 980755738L, 
1310843088L, -1792647876L, -1372143724L, -362508414L, 2062475200L, 
-1135008196L, -1904469616L, 869954594L, 133847304L, -1602734964L, 
-1704811748L, 1378560146L, -660481664L, 1270987796L, -985362648L, 
1623578170L, -1565023792L, 1955500396L, -1937147980L, -1660449262L, 
-321817632L, -2135149108L, -1840458528L, -12337118L, -1250539736L, 
901998092L, 528982844L, 1235694578L, 1333283568L, 857115204L, 
549226072L, -328317126L, -135093264L, -452987204L, 1893414164L, 
-1934061374L, -1280672672L, -675513988L, 181757904L, -931223262L, 
-1208500568L, 1130924940L, 2049518780L, -783622350L, 752751168L, 
-1562876748L, -190753720L, -1916470854L, -1569321456L, -283477780L, 
516434260L, -774854894L, 59245984L, 78703308L, -581589408L, -980840510L, 
654164776L, -979665492L, 250843452L, -1702695054L, -476970704L, 
1413816100L, 1925444920L, -1460708646L, -1837688944L, 955749116L, 
39870356L, 1250564162L, -118174464L, 130182204L, -879788720L, 
-1155995486L, -2008774840L, -1971054836L, -1934492964L, -1358576814L, 
-1335541120L, 932882516L, -1540670488L, -1099434246L, -508253872L, 
101008172L, -1448970380L, -147524718L, 762173024L, 1577828236L, 
-1711185056L, -1946581022L, -270241880L, -1539056436L, 1635077628L, 
-1644999758L, -229430800L, -400438844L, 758821208L, 966403450L, 
-1383173712L, -1771876420L, -1677340588L, 1419772866L, -1807227872L, 
-1740444484L, -915740080L, -2136289310L, 2069657192L, -1402647988L, 
-343228164L, 512749554L, 827145472L, -362965132L, -713859064L, 
-253200966L, -877412912L, -1868561428L, -725999724L, 2083277778L, 
2019145568L, 1719776588L, 374447392L, -1597729918L, 1245481704L, 
1293677804L, -1569113540L, 215587698L, -765900176L, 537446436L, 
-357337288L, 1423555738L, 1460974288L, 867836092L, -830167404L, 
-629053822L, 535387328L, -2144341700L, -1045495664L, 1833654818L, 
620541448L, -2100260596L, 787014300L, 1782332946L, -978752128L, 
1120595476L, 698803752L, -1590094534L, -824383536L, -1822047636L, 
610289460L, 1016885906L, -1445627552L, -125050548L, -203800608L, 
-2041614430L, 1627191208L, -296658036L, -1802283332L, -1323852942L, 
1227753712L, -2101258172L, 1753939288L, -855145414L, 1305224048L, 
-63470532L, 1476868884L, 1835108802L, 42045664L, 918161276L, 
1473883856L, -1761728862L, -1057946584L, -256210676L, 1601070012L, 
-1482691278L, 1304199104L, 719647284L, -1369437240L, -593278193L, 
-809903736L, 1240153254L, -1399853997L, 1685024181L, 38044434L, 
-673820448L, 1106957641L, 1580271483L, 1617502796L, -77911078L, 
-314064433L, 1039800217L, 1965191086L, 435827900L, 2143735085L, 
2124496599L, 1434765088L, -1057525634L, -997419445L, -577967027L, 
1994338938L, 2086087352L, -1714823071L, 1894752787L, -1367791564L, 
189670978L, 1967288919L, -1768177247L, 1834025574L, 510157412L, 
-245157483L, -80631105L, 1134039640L, -1056094602L, -1456219517L, 
361463493L, 1025272802L, 1222157904L, -1616350343L, -803153749L, 
-210702308L, 1456430922L, 958388031L, 1424583049L, -1143113314L, 
369209420L, -1700988387L, 59463591L, 346417872L, -820114L, -535870693L, 
1620851837L, 1657115242L, -1448205560L, 1118399409L, 263150627L, 
1482536228L, -1439870510L, -1797852633L, 1358552177L, 1482850998L, 
-154399148L, -657001755L, -2076659985L, -72529368L, -963813754L, 
-532817741L, -1619071467L, -293552014L, -1422758720L, 681763113L, 
-1750198373L, 405549164L, -1404271494L, 1555639727L, -716034887L, 
-1359325490L, 449131548L, -1078974579L, 858468855L, -1392384768L, 
314635102L, 1103623211L, -503141587L, 930092954L, 1873077592L, 
311003329L, -1406036109L, 728431764L, 1510902050L, 1262794807L, 
-1719998207L, -701760506L, 51010116L, 1294644085L, 672855775L, 
238481976L, -885835242L, 1391947299L, -2016048667L, 1338152962L, 
1859916400L, 176175129L, 157848075L, -1467975428L, -939784918L, 
1189985119L, 153225961L, 1638371838L, 1188912620L, 2033896765L, 
-1426770681L, -1261488912L, 2017642638L, 1186022075L, -842900835L, 
-2015723958L, 1281721448L, -245736367L, -1744689341L, -2027216316L, 
-1191079694L, 1312283847L, -363215215L, 470947862L, -1659641228L, 
1153119493L, -1804162225L, -1103977144L, -600483610L, 2031373843L, 
-220040843L, -492567214L, -790608480L, 1196897417L, 2055582907L, 
-1812707572L, -1156567398L, 993661967L, -1002221479L, 1314200814L, 
225417084L, 232948717L, -11031401L, 1575319392L, 665186110L, 
