.Random.seed <-
c(403L, 10L, -1244586492L, 629019975L, -998502371L, -1620773228L, 
-892715462L, -660025211L, 1686738271L, -1462288922L, -1517398928L, 
1200523155L, 19419185L, -2034950432L, 1634719614L, -368357879L, 
309503547L, 1805056010L, 241444844L, -2022142865L, 962356133L, 
292848476L, 1007464242L, -1105813971L, -597109529L, -722119154L, 
863816680L, 969553387L, -1007264119L, -145715688L, -2064612026L, 
-358517855L, 2065219123L, 1555051426L, -945699180L, 1932969239L, 
962265869L, -262491612L, -4097526L, -1622015115L, -304691505L, 
1250019798L, -960420480L, 1218551235L, 76168033L, 676438480L, 
696924462L, 1178337497L, -2082907413L, -130005158L, -146849508L, 
-14006241L, -1355344779L, 1933316364L, -219546398L, -1978722883L, 
582296119L, -188731170L, -224101352L, 1932288891L, 1804342041L, 
723103656L, -547639466L, 248354769L, 567231363L, 1431741970L, 
-1151483484L, -2040826521L, 715291325L, 579074612L, -2111864422L, 
44785125L, -1963116161L, -1773334266L, -1269405040L, -1096959181L, 
1686421713L, 336220800L, 1341817694L, 1609511081L, 419058523L, 
-281812630L, 1144095756L, -1815288753L, -535046907L, -668559940L, 
-983031662L, 700208013L, -1564007481L, 956946606L, -741844728L, 
1001744139L, -853843479L, 1433331384L, -400010906L, -1955622399L, 
-1413362541L, 340637506L, -836220684L, -149912329L, 57957613L, 
945459076L, -1596620374L, 2057778965L, 1778116015L, -2109633098L, 
-771951648L, -1539138781L, -1812882367L, -1203212496L, 429063502L, 
733167545L, 2031974859L, -164857222L, -2026410116L, -1490468929L, 
400926869L, 873485996L, 1581450370L, 1501717597L, 491875159L, 
873887294L, 1096891000L, -262944421L, 594438329L, 1824950536L, 
923401142L, 968472817L, -24629469L, -125650574L, -750359612L, 
-326596729L, -96219811L, 309240660L, -825738886L, -1947798331L, 
860988959L, -1651002970L, -256613584L, -2061332013L, -2129405967L, 
-1003228896L, -541257794L, -815071287L, 218337147L, 1056372042L, 
613269932L, 52288687L, 2094646885L, 1957559836L, -277630862L, 
-1819482387L, -1841804505L, -2096519346L, 1037832104L, 1678251L, 
345446601L, -1367072552L, 542850438L, -1333357471L, -1580444173L, 
1725043810L, -278261036L, -1572498473L, -2137126451L, 1961590116L, 
1178335562L, 404930741L, 1825695759L, 148734230L, 307059648L, 
208959363L, -1317218911L, -257549936L, -1528847762L, -1640762343L, 
-1690507093L, -2018354022L, -644031396L, -693352097L, -1211434187L, 
2010898124L, -1632629726L, 1436225149L, 1800827767L, -1164260194L, 
-836355240L, -986300741L, 1368219737L, -120822808L, 1658873366L, 
-1722381935L, 1016474179L, 346909010L, 849976804L, 1439220775L, 
776220797L, -1112826508L, -1643359910L, -661743707L, -1497565249L, 
1693518918L, -2098488624L, 989979891L, 463274513L, -1984220096L, 
-2005960674L, -696121623L, -1984916453L, 598064170L, -1199956148L, 
-800619249L, -1491990459L, 556052988L, -135536558L, -121206323L, 
950606727L, -814182802L, 498892360L, -1577707445L, -1122405975L, 
1244204280L, 1222744102L, -999028415L, -378779949L, 248082050L, 
-1076472652L, 1133186103L, 1090678573L, -1000191452L, -947300296L, 
-1929129958L, 1584948944L, -458507204L, 404032660L, 487884930L, 
1257091008L, -261588676L, -1200810352L, 1039564834L, 11352072L, 
793726092L, 1626985500L, 205105810L, -1392971648L, 1234654228L, 
817842472L, 65931834L, -240741168L, 702944364L, 348651188L, -114489326L, 
266504160L, 524096460L, -2146079264L, -277159390L, 1621818664L, 
-1799809780L, 1680838204L, 245498098L, -985461008L, -1701851324L, 
-1810686376L, 2101279290L, 97869552L, -1679970116L, 710222356L, 
-917887806L, -123612064L, -888431236L, -1642086192L, 1238791202L, 
-2089955672L, 718283660L, -2112406084L, -1296290766L, 1298843456L, 
-207629132L, 402368328L, -1153107270L, -1729028336L, -2094740244L, 
801739860L, 2019987218L, 1169754016L, -1664470068L, -1307352224L, 
47912130L, -1075612120L, -57928276L, -184792260L, 711194482L, 
-550488272L, -206219740L, 371266616L, 498577626L, -1180039792L, 
-1221661956L, -1647393900L, -1786345662L, 1941491200L, -785615300L, 
1971108432L, 1348642466L, -1155267768L, 945648140L, -1930893092L, 
1739303506L, 560574592L, 1077021524L, 2126321128L, -822157574L, 
975940432L, -1665737684L, -141497996L, -197020014L, -726757792L, 
-699152756L, -1501452448L, -339178782L, -1983147864L, -835162932L, 
430580220L, -1263071310L, -261690896L, -110709308L, 1683233624L, 
1336897402L, -2114992720L, -1205934660L, -1331313580L, 566122434L, 
1191532320L, -451105860L, 1765099088L, -1011316254L, 922895720L, 
1445256524L, -2034092804L, 377613042L, 1211106048L, -1530982796L, 
1007326216L, 1605659066L, -59837488L, 235873772L, -1935831148L, 
1681653458L, -731334048L, 1171586380L, 1857638688L, 1470172802L, 
-850467352L, 295101420L, -1186194884L, -986921358L, 1840446320L, 
-208973532L, 1588965944L, -1388185190L, -1252045360L, -757166660L, 
147625108L, 1884756098L, 1177460160L, -1185083588L, 710803600L, 
-1555854558L, 1994344968L, -1718769396L, 1115474332L, 584239634L, 
-1753370752L, 303483668L, -25198296L, 970967098L, -1890182192L, 
-1036833172L, 677409332L, -1196169582L, 224419168L, 1232390476L, 
-1657408544L, 495083938L, 558578088L, 1802204812L, 1561050556L, 
-787516814L, -485258256L, -593149372L, 1877471320L, -1941388230L, 
-745753488L, 604283964L, -1059543788L, 354093762L, -434358560L, 
986451068L, -843117872L, -1565202014L, 1472830504L, -1893980404L, 
2038599100L, -1472141518L, 1208397504L, -1623502796L, 756043464L, 
-1735980870L, -460709232L, -1067942164L, -1940530604L, 1034137234L, 
1587424544L, -1706646068L, 1144917728L, 788481218L, 521862184L, 
764392364L, 545042108L, 1774934002L, -715818448L, 644391844L, 
-1578603080L, 1709231962L, 396320912L, -1166209156L, 254833940L, 
-1172117182L, -1395190528L, -931167812L, -1151130288L, 685879586L, 
328962632L, -277494772L, 663564892L, -1114085934L, -260776448L, 
-1419511468L, 1271614696L, -1872267014L, -1464862000L, -1635483860L, 
1496589556L, 1226587538L, 1902358880L, 91566092L, 1485801696L, 
-1532488094L, -1375612760L, 1307058252L, 1659680636L, -325866190L, 
-284520848L, -505850044L, -2085950504L, 1471850362L, 1091641936L, 
-1236144402L, 916596635L, 2146702845L, 1339918570L, 2014886792L, 
-1871170255L, 2094296483L, 887257508L, -863019950L, -2059565145L, 
835638257L, -1111529674L, 1906820052L, -764991131L, -1624214161L, 
-1127184472L, 1472032006L, -1503792077L, -2106387819L, -1862425870L, 
2013866816L, 408354985L, 1887290651L, -840973588L, -1816355078L, 
637251375L, 1167888185L, 264540494L, 1141583772L, -1400881907L, 
-769841289L, 730686336L, -1145931298L, -634257749L, 24412589L, 
1333892634L, 613353688L, 1944991041L, -831865357L, 214969364L, 
-103157342L, -881547593L, -1277874047L, -1796470650L, -285795132L, 
1494317557L, 1845097567L, 671147704L, 272082838L, 2030681507L, 
-996941467L, 445302914L, 1586799088L, -1737525351L, 2059317643L, 
1448774780L, -890247510L, -1591754529L, -462526871L, 1871639678L, 
-1785570196L, -2134049603L, -2083449465L, 461304176L, 1322673166L, 
-1145923269L, -29333987L, 258652874L, -1356089880L, 1406016209L, 
1178953411L, 240242116L, 1561250418L, -367160505L, -2037372143L, 
-688122218L, -874189836L, -1119054459L, 21547215L, -1090330168L, 
1866735718L, 371226259L, 172107253L, 1792341970L, -1963949024L, 
1414649353L, -1625796805L, 1709048460L, -299051238L, 1087601039L, 
-1639688487L, 647395694L, 134038780L, 1285774957L, -1393862121L, 
1676464096L, 458410942L, -1219417717L, -224511475L, 1561671226L, 
-1363255688L, -1515432415L, 1570318547L, 1037096948L, 1554399362L, 
2119637271L, 1591947233L, -380098266L, -242251740L, -1222219051L, 
848254591L, 632968984L, 499078710L, -1122277181L, -962870011L, 
-134402910L, -1856376176L, -1333387719L, -351215893L, -1982668836L, 
1121051146L, -625793793L, -1065062071L, -1577557282L, -268398452L, 
1008830557L, 1545414247L, 1067898768L, 374225838L, 1958117979L, 
-535036355L, 851583146L, 1352925512L, -664304271L, 928871139L, 
206305764L, 1234040082L, 1409157351L, 2048102065L, 1781200118L, 
1231914772L, -1212501979L, -1983552209L, -1914025240L, -1756223546L, 
